- name: dock_tag
  parent_frame: map
  theta: -3.139298038475949
  x: -1.6253104505457476
  y: 1.2392055700665716
- name: dock_prep
  parent_frame: map
  theta: -3.139298038475949
  x: -0.925312310468652
  y: 1.2408117991975272
