- name: dock_tag
  parent_frame: map
  theta: -3.137891286418219
  x: -1.6070953312467187
  y: 1.2664032069713187
- name: dock_prep
  parent_frame: map
  theta: -3.137891286418219
  x: -0.9071001416946384
  y: 1.26899415801831
