- name: dock_tag
  parent_frame: map
  theta: -3.1380543314583456
  x: -1.6764311043342026
  y: 1.2772534899779293
- name: dock_prep
  parent_frame: map
  theta: -3.1380543314583456
  x: -0.9764355049313576
  y: 1.279730310235589
