- name: dock_tag
  parent_frame: map
  theta: 3.1394194278671637
  x: -1.590973192940771
  y: 1.2605346835765667
- name: dock_prep
  parent_frame: map
  theta: 3.1394194278671637
  x: -0.8909748850354201
  y: 1.2590134268531097
