[LEFT_CAM_2K]
fx=1397.65
fy=1397.65
cx=1122.61
cy=599.982
k1=-0.172771
k2=0.0251975
p1=0
p2=0
k3=0

[RIGHT_CAM_2K]
fx=1402.66
fy=1402.66
cx=1122.9
cy=648.201
k1=-0.172012
k2=0.0242011
p1=0
p2=0
k3=0

[LEFT_CAM_FHD]
fx=1397.65
fy=1397.65
cx=978.61
cy=518.982
k1=-0.172771
k2=0.0251975
p1=0
p2=0
k3=0

[RIGHT_CAM_FHD]
fx=1402.66
fy=1402.66
cx=978.9
cy=567.201
k1=-0.172012
k2=0.0242011
p1=0
p2=0
k3=0

[LEFT_CAM_HD]
fx=698.825
fy=698.825
cx=647.805
cy=347.991
k1=-0.172771
k2=0.0251975
p1=0
p2=0
k3=0

[RIGHT_CAM_HD]
fx=701.33
fy=701.33
cx=647.95
cy=372.1005
k1=-0.172012
k2=0.0242011
p1=0
p2=0
k3=0

[LEFT_CAM_VGA]
fx=349.4125
fy=349.4125
cx=339.4025
cy=181.4955
k1=-0.172771
k2=0.0251975
p1=0
p2=0
k3=0

[RIGHT_CAM_VGA]
fx=350.665
fy=350.665
cx=339.475
cy=193.55025
k1=-0.172012
k2=0.0242011
p1=0
p2=0
k3=0

[STEREO]
Baseline=120
TY=0
TZ=0
CV_2K=0.00510349
CV_FHD=0.00510349
CV_HD=0.00510349
CV_VGA=0.00510349
RX_2K=-0.00449532
RX_FHD=-0.00449532
RX_HD=-0.00449532
RX_VGA=-0.00449532
RZ_2K=-0.00144553
RZ_FHD=-0.00144553
RZ_HD=-0.00144553
RZ_VGA=-0.00144553
