- name: center
  x: 0.0
  y: 0.0
  theta: 0.0
  parent_frame: map
- name: red_point_a
  x: -0.4215872137776536
  y: 0.09341054731016174
  theta: -0.13339286377287907
  parent_frame: map
- name: red_point_b
  x: 1.1984794121877962
  y: 2.843402569992123
  theta: -0.3399401055376026
  parent_frame: map
- name: red_end
  x: 1.4821272599560464
  y: 5.415413534688509
  theta: 1.4139727105481015
  parent_frame: map
