- name: room1
  parent_frame: map
  theta: 0.7635600923049338
  x: 1.8344457474141556
  y: -3.8916509452104258
- name: room2
  parent_frame: map
  theta: -2.4599247795471415
  x: -2.0229853649388483
  y: -2.6094456304344864
- name: dock
  parent_frame: map
  theta: 1.5813566384651019
  x: 0.3585255756018567
  y: 1.2670100446203512
